DEC       BIN    TERNARY      OCTAL       HEX
  0         0          0          0         0
  1         1          1          1         1
  2        10          2          2         2
  3        11         10          3         3
  4       100         11          4         4
  5       101         12          5         5
  6       110         20          6         6
  7       111         21          7         7
  8      1000         22         10         8
  9      1001        100         11         9
 10      1010        101         12         A
 11      1011        102         13         B
 12      1100        110         14         C
 13      1101        111         15         D
 14      1110        112         16         E
 15      1111        120         17         F
 16     10000        121         20        10 
...


R                       G                       B
0-255                   0-255                   0-255                   DEC
0000 0000 - 1111 1111   0000 0000 - 1111 1111   0000 0000 - 1111 1111   BIN
0    0    - F    F      0    0    - F    F      0    0    - F    F      HEX

CSS 
color: #FF0000 | red | rgb(255, 0, 0)